MLLNOA014 13 5 59 62 62 35 97 78
WTBJAY001 45 75 16 82 82 30 65 87
KHZOMA010 4 1 18 66 66 60 61 57
MLTLUK019 95 55 27 68 68 2 50 68
NKNTHA021 60 53 62 64 64 89 63 97
WTBOFE020 5 77 13 88 88 3 19 60
TSHLES016 59 78 70 2 2 84 73 49
CHKONT018 70 14 45 19 19 26 59 99
BTHAMO046 36 9 31 55 55 87 87 97
DMSMEL001 72 55 80 35 35 85 79 98
DLMORA019 26 24 47 45 45 60 74 97
MGLLET011 55 0 88 54 54 82 74 52
NGCAMO020 85 52 75 24 24 28 28 4
DNLANG012 14 31 10 44 44 86 52 40
LWXAMO032 83 80 37 82 82 61 5 63
MHLOMO027 0 66 9 4 4 79 46 4
MLLASE002 82 53 7 96 96 34 6 10
GMDJAY002 67 97 33 87 87 6 54 72
JCBAMO006 9 25 67 24 24 58 20 9
LWXORA017 35 28 67 40 40 75 23 48
BXXBON021 70 79 68 46 46 74 65 78
BLYLET001 56 26 13 30 30 74 42 14
NKNLIN001 66 8 8 31 31 87 5 55
NKNBOK042 74 88 56 75 75 20 69 22
MHLALU039 10 71 84 39 39 46 69 95
MSXKAT030 73 44 49 80 80 12 12 73
MSKLEA037 39 21 71 51 51 96 93 58
BTHOMP036 94 10 38 70 70 64 27 13
MKNCAL005 34 8 10 74 74 85 15 22
MHLLET089 21 46 37 22 22 75 8 90
PTRLWA027 84 58 22 6 6 27 33 42
MHLLUB028 86 38 9 48 48 25 17 17
NDLPHE007 74 58 8 30 30 35 67 35
PTRREM007 55 14 82 78 78 17 37 80
BRHTHA016 40 43 23 68 68 73 0 85
KLSLIS010 29 12 58 34 34 81 56 53
BYSISA008 40 71 25 94 94 52 96 55
MSKKAM027 72 54 58 48 48 86 0 25
KLSLES018 70 24 77 6 6 2 30 94
SHBLIK004 50 52 43 79 79 32 39 21
TSTLET024 39 47 94 56 56 19 14 60
PTRELI021 3 17 98 82 82 28 90 29
HNDOMA024 84 95 35 82 82 40 68 6
BLYLEA007 22 17 35 58 58 72 85 5
MDKREA019 16 49 75 76 76 27 79 88
LYNLIN023 56 55 79 23 23 8 52 45
SMTOMP013 38 87 70 21 21 4 19 83
MTHMPH020 90 58 92 65 65 13 20 9
MNSBOK019 40 70 49 78 78 94 90 1
BXXLIN013 19 64 81 53 53 51 87 64
MNSALU019 61 58 33 2 2 84 86 76
MFKHLE011 66 2 16 96 96 45 32 70
MTNBLE006 95 30 91 89 89 0 81 36
VSGKAR003 66 7 39 75 75 75 81 89
GMDAMA007 5 97 9 30 30 65 37 21
BYSOTH022 12 80 91 16 16 76 67 31
TSTKAM038 33 2 4 84 84 18 60 3
MTHOTH046 94 100 70 19 19 82 76 39
NHLLUT014 70 8 22 56 56 54 14 98
MHLLWA009 91 75 60 0 0 38 43 10
MKHALW012 23 62 69 54 54 84 80 99
MLTENZ017 99 18 93 71 71 75 21 28
MSKKAM016 52 74 18 26 26 46 56 18
PTRSPH015 17 82 73 51 51 26 82 8
PTRMEL007 88 86 43 31 31 5 35 65
DMSAMO013 63 58 96 7 7 34 27 9
BLYBOK010 47 71 53 71 71 92 14 64
NGWORA021 56 91 76 64 64 84 67 96
PTRLEB007 43 57 41 93 93 85 58 11
SHBSPH015 20 37 71 59 59 92 38 38
NKSSIP001 54 19 9 26 26 96 33 48
MTNSPH001 4 7 33 63 63 57 15 36
BTHFAI001 94 28 63 17 17 68 49 8
BXXAMO012 62 51 52 61 61 14 57 36
MTHKAR003 94 12 56 25 25 5 45 2
MLTLUP014 62 44 18 4 4 21 14 81
NKSOMO015 52 0 96 80 80 37 61 89
BRHKAT027 8 88 91 34 34 32 91 43
BRHKAT039 38 27 90 20 20 18 55 50
JCBSIP004 86 59 18 56 56 57 69 79
MTLLET037 69 75 16 0 0 49 39 6
WLLLUK010 44 8 30 34 34 91 51 63
RDBOTH008 89 45 43 69 69 69 81 29
LWXIMI012 76 58 98 51 51 47 3 11
TSHLET020 88 8 82 25 25 49 80 2
LWXLIN024 45 96 28 9 9 68 59 44
MKNISA003 6 64 66 41 41 14 34 30
MGLEMI018 85 50 2 13 13 23 37 42
MLLREN014 74 53 47 91 91 11 78 17
BXXKUN028 59 99 46 51 51 13 94 1
MTNREN009 10 100 66 98 98 37 22 75
MNGJAY014 32 31 50 61 61 77 53 60
NKNLUB013 70 59 41 49 49 6 41 52
SMTOMP028 97 31 32 6 6 60 1 74
MKNJOS001 99 70 88 71 71 18 74 51
DMSMEL019 65 95 71 45 45 100 94 12
DVDREN016 55 79 61 20 20 34 45 18
MLXKAR007 15 20 69 39 39 38 4 35
TSTLES026 64 2 20 5 5 23 15 10
MLTBOK022 12 89 62 2 2 42 100 45
DVDREN018 26 80 17 75 75 27 78 1