MLLNOA014 54 5 0 52 2 32 13 97
WTBJAY001 59 0 45 3 100 74 37 19
KHZOMA010 16 36 52 24 32 49 44 97
MLTLUK019 27 51 37 45 87 90 61 37
NKNTHA021 32 84 71 22 5 4 49 30
WTBOFE020 35 59 15 10 83 20 38 88
TSHLES016 71 30 41 42 46 74 97 74
CHKONT018 26 18 86 72 54 30 18 67
BTHAMO046 53 10 47 64 70 10 19 44
DMSMEL001 37 77 34 87 24 94 48 1
DLMORA019 1 78 59 71 79 68 82 10
MGLLET011 18 3 67 31 7 25 63 36
NGCAMO020 90 87 84 80 36 24 21 27
DNLANG012 38 95 42 2 65 5 34 90
LWXAMO032 42 17 54 74 47 44 18 85
MHLOMO027 100 59 27 7 4 100 71 11
MLLASE002 88 79 46 51 61 93 56 53
GMDJAY002 25 50 91 3 12 92 26 43
JCBAMO006 4 40 89 71 21 20 71 99
LWXORA017 65 36 28 98 74 93 60 81
BXXBON021 96 23 7 36 36 73 38 52
BLYLET001 56 27 71 33 1 87 95 56
NKNLIN001 57 6 88 27 59 29 5 18
NKNBOK042 34 43 99 48 38 100 31 1
MHLALU039 37 96 2 15 69 42 41 41
MSXKAT030 20 5 46 31 31 20 38 13
MSKLEA037 14 41 83 13 78 27 46 51
BTHOMP036 70 74 23 77 92 14 20 13
MKNCAL005 23 33 72 39 37 50 7 23
MHLLET089 6 36 13 21 24 29 41 19
PTRLWA027 74 51 34 32 47 97 60 82
MHLLUB028 44 78 74 16 29 85 42 74
NDLPHE007 3 34 9 27 65 23 16 57
PTRREM007 78 0 9 92 8 47 5 89
BRHTHA016 71 28 43 71 3 55 89 51
KLSLIS010 32 18 64 43 58 71 75 97
BYSISA008 44 36 66 5 89 93 34 34
MSKKAM027 58 57 96 41 72 23 30 43
KLSLES018 96 5 69 74 78 72 47 31
SHBLIK004 63 9 57 40 78 51 71 49
TSTLET024 77 11 81 46 66 98 89 29
PTRELI021 75 19 65 45 82 39 21 84
HNDOMA024 3 20 26 43 11 18 67 13
BLYLEA007 6 88 56 46 90 42 48 18
MDKREA019 7 91 30 4 33 1 87 99
LYNLIN023 20 84 21 8 11 64 18 68
SMTOMP013 5 71 36 61 42 100 49 15
MTHMPH020 53 41 11 84 87 73 51 63
MNSBOK019 57 17 63 81 49 98 75 83
BXXLIN013 97 35 52 1 91 16 60 17
MNSALU019 38 49 42 57 63 51 93 45
MFKHLE011 24 54 4 26 72 11 6 68
MTNBLE006 20 17 81 52 67 92 77 13
VSGKAR003 16 16 90 28 58 32 86 34
GMDAMA007 16 66 75 28 23 55 14 34
BYSOTH022 26 17 59 52 62 6 98 90
TSTKAM038 54 40 12 79 35 55 38 94
MTHOTH046 13 22 52 43 100 71 70 47
NHLLUT014 48 13 10 70 96 5 5 11
MHLLWA009 62 55 74 50 94 11 34 10
MKHALW012 14 69 16 77 30 8 12 0
MLTENZ017 57 6 62 91 95 69 86 50
MSKKAM016 48 2 81 78 43 47 0 87
PTRSPH015 12 34 70 85 12 97 3 45
PTRMEL007 79 22 22 28 99 48 12 52
DMSAMO013 15 40 73 17 34 19 80 39
BLYBOK010 33 54 51 59 94 27 80 45
NGWORA021 20 9 28 63 18 26 25 61
PTRLEB007 81 47 74 39 20 48 19 89
SHBSPH015 21 74 10 30 28 19 69 2
NKSSIP001 69 41 46 69 65 6 40 71
MTNSPH001 55 44 70 21 97 8 99 78
BTHFAI001 72 97 86 93 18 9 69 59
BXXAMO012 49 77 8 85 40 23 52 13
MTHKAR003 59 88 73 48 8 10 53 88
MLTLUP014 94 91 80 21 98 29 21 14
NKSOMO015 72 86 53 9 39 6 35 23
BRHKAT027 55 22 89 91 94 59 73 29
BRHKAT039 52 5 83 3 92 31 79 55
JCBSIP004 31 53 24 97 0 3 46 27
MTLLET037 47 90 49 35 72 60 28 73
WLLLUK010 88 94 11 58 98 93 88 9
RDBOTH008 66 66 22 36 79 94 23 18
LWXIMI012 4 42 10 80 45 51 22 29
TSHLET020 11 100 98 96 88 99 11 64
LWXLIN024 9 61 50 29 24 35 77 12
MKNISA003 31 73 71 68 88 65 57 43
MGLEMI018 57 73 80 33 10 56 67 76
MLLREN014 25 51 90 46 35 86 96 68
BXXKUN028 65 5 0 13 63 29 53 39
MTNREN009 63 68 65 29 4 10 21 37
MNGJAY014 84 85 12 11 45 40 73 35
NKNLUB013 9 6 100 2 79 99 74 4
SMTOMP028 89 86 39 54 4 91 33 62
MKNJOS001 85 55 40 20 15 23 29 17
DMSMEL019 28 51 32 84 78 16 36 25
DVDREN016 14 62 84 6 72 50 81 24
MLXKAR007 57 35 97 31 85 19 0 88
TSTLES026 82 32 56 50 77 70 27 61
MLTBOK022 62 23 93 53 97 20 80 55
DVDREN018 85 15 9 41 0 31 63 84
MHLMAT029 45 45 45 45 30 30 30 30
MSMJOS003 60 60 70 70 70 70 70 70
MKMVHU001 50 50 60 60 60 60 60 60
